11100010 00000001 00000000 00000000
11100011 10000000 10100000 01001100
11100011 10000000 00100000 00101000
11100011 10000000 01010000 00100010
11100000 10010010 01010000 00000101
00010010 01000101 01010000 00001010
11100101 10001010 01010000 00000000
11100010 10001010 10100000 00000100
00011011 00000000 00000000 00000110
11100101 10001010 00100000 00000000
11100010 10001010 10100000 00000100
11100010 10000000 00000000 00000100
11101000 10111010 00000000 00100100
11100101 10001010 00000000 00000000
11101010 11111111 11111111 11111111
11100010 01000010 00100000 00001000
11100001 10100000 11110000 00001110
11100010 01000010 00100000 00000001
11100010 00000000 00000000 00000000

1110 001 0000 0 0001 0000 0000 00000000 AND r0 r1 #0d0      0
1110 001 1100 0 0000 1010 0000 01001100 ORR r10 r0 #0d76    4
1110 001 1100 0 0000 0010 0000 00101000 ORR r2 r0 #0d40      8
1110 001 1100 0 0000 0101 0000 00100010 ORR r5 r0 #0d34    12 
1110 000 0100 1 0010 0101 0000 00000101 ADD r5 r2  +r5      16
0001 001 0010 0 0101 0101 0000 00001010 SUB r5 r5 #0d10   20 
1110 010 1100 0 1010 0101 000000000000  STR r5 r10 #0d0    24
1110 001 0100 0 1010 1010 0000 00000100 ADD r10 r10 #0d4   28
0001 101 1 000 0 0000 0000 0000 00000110 BL EQ 6                    32
1110 010 1100 0 1010 0010 000000000000 STR r2 r10 #0d0       36
1110 001 0100 0 1010 1010 0000 00000100 ADD r10 r10 #0d4    40 
1110 001 0100 0 0000 0000 0000 00000100 ADD r0 r0 #0d4       44
1110 100 0101 1 1010 0000 0000 00100100 INVALID                    48
1110 010 1100 0 1010 0000 0000 00000000 STR r0 r10 #0d0       52
1110 101 0 111 1 1111 1111 1111 11111111  B -1                          56
1110 001 0010 0 0010 0010 0000 00001000  SUB r2 r2 #0d8       60
1110 000 1101 0 0000 1111 0000 00001110 MOV r15 r0 r14        64 
1110 001 0010 0 0010 0010 0000 00000001 SUB r2 r2 #0d1          68
1110 001 0000 0 0000 0000 0000 00000000 AND r0 r0 #0d0          72
