11100010 00000001 00000000 00000000
11100011 10000000 00010000 00101000
11100111 11010001 00100000 00000000
11100101 11010001 00110000 00000010
11100000 10000000 01010000 00000000
11100000 10000010 01010000 00000101
11100010 01010011 00110000 00000001
00011010 11111111 11111111 11111101
11100101 11000001 01010000 00000011
11101010 00000000 00000000 00000001
00001011 00000101 00000111 00000100
11101010 11111111 11111111 11111111

1110 001 0000 0 0001 0000 0000 00000000		AND R0 R1 #0d0        0
1110 001 1100 0 0000 0001 0000 00101000		ORR R1 R0 #0d40       4
1110 011 11101 0001 0010 00000000 0000		LDRB R2 [R1] +R0		  8
1110 010 11101 0001 0011 000000000010		LDRB R3 [R1 #+0d2]			12
1110 000 0100 0 0000 0101 00000 00 0 0000	ADD R5 R0 R0          16  -invalid
1110 000 0100 0 0010 0101 00000 00 0 0101	ADD R5 R2 R5          20 -invalid
1110 001 0010 1 0011 0011 0000 00000001		SUBS R3 R3 #0d1       24
0001 101 0 11111111 11111111 11111101		BNE 16777213            28
1110 010 11100 0001 0101 000000000011		STRB R5 [R1 #+0d3]			32 - zeroes out instruction
1110 101 0 00000000 00000000 00000001		B 1                     36
0000 101 1 00000101 00000111 00000100 		BLE 329476            40
1110 101 0 11111111 11111111 11111111		B 16777215              44
